63.401383,10.395522
63.386491,10.373554
63.386491,10.373554
63.398847,10.444407
63.398847,10.444407
63.427731,10.443652
63.427731,10.443652
63.418010,10.374023
63.418010,10.374023
63.350943,10.498790
63.350943,10.498790
63.438128,10.487883
63.438128,10.487883
63.416693,10.377578
63.416693,10.377578
63.357853,10.437672
63.357853,10.437672
63.370674,10.428677
63.370674,10.428677
63.356787,10.344102
63.356787,10.344102
63.372195,10.339812
63.372195,10.339812
63.407624,10.422241
63.420033,10.365510
63.420033,10.365510
63.423638,10.408403
63.423638,10.408403
63.404295,10.360674
63.404295,10.360674
63.424119,10.356261
63.424119,10.356261
63.415539,10.429315
63.415539,10.429315
63.370768,10.498490
63.370768,10.498490
63.405209,10.448587
63.405209,10.448587
63.409654,10.465924
63.409654,10.465924
63.351341,10.424129
63.351341,10.424129
63.422106,10.429487
63.422106,10.429487
63.360164,10.349133
63.360164,10.349133
63.418106,10.452447
63.418106,10.452447
63.431863,10.471788
63.431863,10.471788
63.347304,10.441922
63.347304,10.441922
63.420429,10.425216
63.420429,10.425216
63.404592,10.376859
63.404592,10.376859
63.400737,10.388369
63.400737,10.388369
63.350985,10.484643
63.350985,10.484643
63.391567,10.382130
63.391567,10.382130
63.325703,10.303621
63.325703,10.303621
63.374355,10.465103
63.374355,10.465103
63.400253,10.299114
63.400253,10.299114
63.388269,10.392216
63.388269,10.392216
63.392089,10.362567
63.392089,10.362567
63.400208,10.449205
63.400208,10.449205
63.331791,10.371246
63.331791,10.371246
63.329750,10.399466
63.329750,10.399466
63.370694,10.363358
63.370694,10.363358
63.357269,10.327321
63.357269,10.327321
63.399613,10.407757
63.399613,10.407757
63.405123,10.435739
63.405123,10.435739
63.350061,10.331744
63.350061,10.331744
63.418274,10.443592
63.418274,10.443592
63.364074,10.400029
63.364074,10.400029
63.382531,10.368253
63.382531,10.368253
63.382152,10.497753
63.382152,10.497753
63.369632,10.299879
63.369632,10.299879
63.359257,10.380503
63.359257,10.380503
